rect,0.9829,0.4851,0.4650
rect,0.9932,0.4351,0.4581
rect,0.9829,0.6449,0.4840
ball,0.8253,0.7636,0.4501
ball,0.8043,0.9602,0.4483
ball,0.8077,0.7985,0.4465
stick,0.9416,0.0869,0.2632
stick,0.7805,0.1360,0.2868
spone,0.4365,0.2111,0.2506
spone,0.4577,0.2033,0.2535
tri,0.5665,0.5780,0.3626
tri,0.6002,0.7932,0.3848
tri,0.6101,0.5574,0.3744
stick,0.7951,0.1407,0.2932
stick,0.0000,1.0000,-0.0000
stick,0.0000,1.0000,-0.0000
stick,0.0000,1.0000,-0.0000
stick,0.0000,1.0000,-0.0000
stick,0.0000,1.0000,-0.0000
