qwtf,3.6738,8.3840,0.0388,0.1960,0.0519,0.6404,2.0072
wtf,-1.5685,-22.2110,-0.0133,0.4006,0.0179,0.7563,4.8032
wtf,-14.0286,-11.3158,-0.0442,0.0504,0.3832,0.3356,2.5698
wtf,-9.2516,-2.2434,-0.0515,0.0656,0.2527,0.4573,1.6580
wtf,-13.2498,11.0736,0.1455,0.3779,0.1333,0.2984,2.0647
wtf,-nan,-nan,-nan,-nan,-nan,0.0000,1.0000
hahah,5.0104,0.1102,0.0498,0.1995,0.0584,0.6422,2.0719

nose,-1.4290,4.4817,-0.0047,0.1351,0.0686,0.6096,1.1369
nose,-0.0273,5.1617,0.0018,0.1287,0.0657,0.6380,1.1467
hammer,-9.7114,8.9435,-0.0041,0.0885,0.1411,0.5328,1.2587
